750
56
122
14
16
17
33
42
43
135
141
192
194
210
220
268
276
282
308
317
333
420
448
477
493
505
506
569
602
626
639
642
646
649
691
694
722
734
748
766
784
780
859
948
959
971
989
74
107
110
112
132
176
164
170
205
230
235
258
293
316
323
325
326
334
340
351
357
354
374
379
397
431
441
515
531
538
556
575
592
621
647
655
678
730
741
738
747
764
767
772
829
843
848
854
914
938
955
966
976
1
45
75
77
121
136
174
184
186
209
298
239
303
312
315
332
342
346
377
356
378
380
412
425
453
486
489
491
519
520
540
611
574
652
658
667
672
680
690
692
702
713
742
733
778
785
790
791
807
809
819
822
823
826
842
869
874
893
895
917
983
7
24
29
62
140
63
100
177
193
212
213
222
240
274
309
283
319
439
440
446
473
514
560
536
565
591
593
640
656
693
724
727
682
776
787
804
827
811
839
849
851
850
908
875
925
931
933
975
997
39
60
73
142
178
203
225
229
232
233
255
267
261
278
279
284
299
311
328
358
362
369
396
400
406
421
430
442
460
483
526
597
596
604
605
669
687
719
754
786
815
821
852
863
865
886
906
935
922
978
3
25
111
41
120
159
189
245
251
347
272
361
352
391
393
435
436
502
516
533
554
570
584
610
650
663
671
707
708
718
743
812
820
831
844
845
870
878
888
921
944
970
987
998
749 750
9
21
35
70
98
106
48
167
208
202
265
292
305
389
456
462
463
499
507
500
530
532
549
594
613
614
627
688
641
712
736
896
860
900
905
907
926
936
951
986
992
84 85
398 399
419 418
586 587
699 700
782 783
898 901
945 946
4
11
5
34
23
81
90
92
89
103
148
139
166
228
281
296
302
348
313
349
360
364
370
411
423
433
429
450
451
467
457
479
485
504
509
539
541
551
616
629
644
648
677
679
729
704
755
756
757
777
768
792
803
855
830
864
880
887
899
923
972
963
206 207
68 69
291 295
548 552
496 498
904 909
980 981
13
19
38
50
87
145
149
181
187
201
211
216
247
254
277
275
287
300
301
320
329
367
381
387
404
468
480
508
555
561
559
576
623
706
606
739
654
746
775
799
867
877
913
889
924
939
942
950
954
964
218 221
994
54 55
359 363
577 578
601 603
631 632
599 600
633 634
635 636
916 918
28
22
83
78
109
125
127
113
179
154
196
197
217
219
260
241
286
294
314
416
472
488
497
550
546
557
567
588
645
638
725
723
728
732
771
745
761
802
779
836
890
962
969
57 58
64 65
76 79
96 97
102 104
214 215
223 224
116 117
246 248
484 487
384 385
595 598
607 608
628 630
788 789
657 659
882 883
910 911
996 999
0 2
151 152
252 253
403 405
426 427
428 432
564 566
476 478
589 590
684 685
695 696
927 928
967 968
36 37
59 61
158 160
173 175
188 190
180 182
266 269
271 280
306 307
321 322
337 338
525 527
568 571
681 683
762 763
774 781
818 824
891 892
46 47
902 903
52 53
941 943
961 965
973 974
126 128
324 327
335 336
444 445
464 465
534 535
579 580
697 698
710 711
805 806
866 868
919 920
937 940
985 988
171 172
80 82
236 237
310 318
365 366
394 395
447 449
512 513
501 503
528 529
523 524
537 542
637 643
673 674
675 676
545 547
751 752
753 758
825 828
793 794
977 979
123 124
163 165
131 133
191 195
198 199
330 331
226 227
353 355
415 417
466 469
716 717
553 558
726 731
705 709
797 798
759 760
871 872
884 885
770 773
947 949
66 67
86 88
71 72
138 143
183 185
256 257
263 264
285 288
345 350
434 437
490 492
517 518
562 563
583 585
618 619
651 653
665 666
668 670
834 835
662 664
118 119
932 934
161 162
231 234
494 495
375 376
144 146
343 344
510 511
572 573
624 625
609 612
720 721
660 661
765 769
808 810
816 817
894 897
952 953
956 957
990 991
156 157
243 244
270 273
382 383
390 392
474 475
714 715
837 838
857 858
879 881
873 876
929 930
958 960
129 130
168 169
94 95
297 304
134 137
238 242
249 250
372 373
368 371
386 388
422 424
413 414
459 461
620 622
581 582
686 689
735 737
832 833
800 801
912 915
6 8
982 984
10 12
31 32
40 44
15 18
147 150
259 262
438 443
289 290
452 454
701 703
455 458
840 841
853 856
861 862
27 30
91 93
99 101
114 115
153 155
407 408
615 617
49 51
481 482
409 410
401 402
846 847
543 544
105 108
200 204
740 744
813 814
20 26
339 341
993 995
470 471
795 796
521 522
